333
142
142
142
142
142
360
360
360
360
360
284
360
426
55
309
309
157
102
31
23
803
703
488
619
403
442
488
575
157
157
554
990
231
231
482
484
307
40
721
333
871
55
111
426
721
284
360
360
721
360
360
721
622
360
622
990
851
231
231
14
980
851
851
245
231
851
82
721
309
245
309
82
157
924
622
462
185
119
827
622
49
157
482
415
199
602
655
693
155
830
622
851
660
5
415
166
462
847
324
804
333
679
660
315
536
415
102
488
111
703
622
31
284
142
360
31
710
956
801
990
150
360
721
284
284
284
360
426
851
721
803
195
990
622
245
245
82
972
157
139
472
448
6
499
688
65
896
327
237
65
49
703
803
17
553
107
788
55
195
12
868
980
293
815
62
204
283
570
245
703
851
142
454
46
488
994
852
851
801
960
722
253
788
688
204
14
338
132
311
390
5
87
293
62
950
326
667
732
475
864
590
600
295
651
675
549
93
444
119
406
173
164
846
90
749
77
33
769
410
818
112
573
24
58
356
831
938
984
39
200
106
847
487
788
363
283
976
285
393
10
353
702
333
153
897
358
327
307
83
410
384
594
628
942
15
844
212
709
317
833
74
978
802
442
254
310
444
767
749
179
555
725
460
836
757
946
293
552
722
154
516
718
60
491
780
780
911
16
416
382
73
993
499
390
189
307
263
38
484
302
117
840
126
137
48
611
547
344
648
248
117
700
453
787
643
632
600
105
768
91
170
703
927
993
415
909
125
135
44
533
905
428
61
288
975
308
436
850
933
377
12
834
263
329
385
273
488
793
351
561
922
46
776
952
56
851
626
416
933
121
946
646
984
188
499
78
522
162
341
444
175
509
830
3
186
981
74
9
346
331
268
109
620
713
585
164
839
204
619
552
133
263
203
172
196
5
238
715
495
212
304
969
238
502
362
941
416
280
560
937
192
312
301
524
873
27
993
15
616
419
33
297
25
661
60
204
311
711
778
562
173
569
395
437
918
675
299
219
232
713
184
97
194
414
625
677
846
37
746
86
869
61
999
15
183
718
385
157
79
112
693
390
762
720
155
585
984
951
694
628
1
304
447
990
760
108
866
929
865
942
803
68
93
374
976
77
698
805
605
245
201
32
308
917
564
388
236
434
145
10
961
219
482
929
840
512
802
297
305
267
657
229
765
26
76
106
18
416
286
257
43
639
972
894
308
554
993
370
137
721
324
263
407
19
119
37
473
619
579
192
728
927
982
296
54
551
717
288
195
57
137
882
507
992
307
382
692
82
707
416
784
309
376
538
362
306
235
829
60
347
855
359
854
196
425
754
530
723
663
121
510
34
995
972
729
552
564
138
270
320
836
174
332
345
885
359
316
416
226
745
644
606
254
379
666
162
450
644
266
35
277
912
731
48
156
878
877
103
776
362
59
805
422
275
650
104
683
735
731
50
128
771
315
327
295
656
49
538
692
264
207
382
323
599
692
976
884
279
606
885
368
449
344
190
660
273
671
539
199
21
48
170
350
650
457
542
26
1
486
82
942
889
691
165
793
157
883
701
65
120
54
533
677
168
519
348
610
88
286
25
281
589
803
663
400
726
264
563
97
154
136
350
610
769
230
61
854
843
638
41
642
411
419
587
892
922
884
401
740
733
720
14
495
491
690
531
516
933
912
661
637
307
66
747
833
897
630
797
993
682
349
458
211
454
249
792
275
154
627
802
220
225
448
714
951
466
317
475
824
775
465
49
694
162
737
999
979
639
307
724
513
846
149
0
304
105
22
48
82
32
62
833
278
176
121
129
803
798
946
1
777
520
113
743
168
845
837
659
447
236
486
35
212
885
600
773
346
918
819
541
214
856
483
752
887
24
25
400
51
220
898
205
523
169
109
646
666
654
685
800
61
960
754
589
146
707
26
48
714
991
918
967
443
574
387
465
4
865
697
944
25
236
822
645
111
130
820
16
38
577
23
851
94
848
663
639
369
861
439
871
115
352
347
809
273
859
296
772
543
931
534
918
276
868
767
267
2
957
167
277
756
257
480
683
401
815
829
888
647
562
165
964
56
942
638
927
953
606
419
873
387
81
713
415
373
371
111
10
905
449
603
985
392
55
403
176
13
289
603
523
160
64
1
776
824
208
210
343
632
970
347
75
247
125
176
343
403
8
80
21
192
836
612
542
639
845
276
415
283
865
52
420
210
581
360
596
3
677
581
300
296
456
174
748
148
53
829
264
209
756
94
921
480
53
945
13
247
82
742
7
822
662
317
186
988
450
535
14
984
294
415
573
798
1
128
149
8
875
251
471
417
846
119
880
892
208
618
244
102
943
361
856
628
174
911
575
132
48
602
439
618
936
142
788
79
954
676
728
275
442
670
275
468
2
403
178
714
64
232
484
829
576
240
16
2
265
573
771
299
782
198
551
665
432
436
759
853
952
235
655
387
241
865
447
58
305
215
874
825
987
912
9
475
1
919
692
414
917
368
439
310
35
247
588
140
858
788
175
40
837
737
56
723
914
807
655
729
328
159
999
240
981
380
862
835
586
641
420
941
314
800
710
827
231
851
721
721
622
622
360
231
82
801
82
801
851
721
851
231
231
185
622
498
61
82
488
82
195
166
14
924
178
415
619
111
301
442
102
710
851
360
55
360
721
142
142
360
142
142
284
360
55
284
55
710
415
360
55
622
721
142
284
851
 
971
284
135
950
332
241
107
93
164
484
610
981
403
35
35
277
847
554
299
102
309
360
426
868
626
192
665
399
997
788
462
710
721
360
622
801
868
302
107
178
830
622
309
142
284
55
415
45
803
553
442
245
622
360
360
142
529
135
970
896
164
830
619
568
284
142
284
721
156
132
896
277
981
353
65
851
970
156
793
344
602
547
262
356
142
440
830
155
880
108
878
416
630
977
166
956
710
195
426
31
851
462
801
827
827
449
602
52
386
529
46
801
622
442
703
868
868
488
440
851
178
426
360
990
710
710
956
46
14
293
793
215
161
425
249
116
462
231
851
142
142
82
195
332
356
555
630
132
956
164
195
442
484
868
339
17
803
453
453
997
462
622
31
309
360
360
553
360
360
62
703
693
803
356
970
356
415
195
498
245
710
245
231
309
622
360
142
142
360
142
142
360
356
827
453
227
360
55
360
360
142
622
622
360
360
284
142
360
284
360
360
142
142
360
142
142
360
360
360
622
426
 
103
360
721
360
360
360
142
142
142
360
55
360
142
622
142
142
360
142
55
622
360
360
284
360
360
142
142
622
360
142
142
990
426
622
31
231
309
245
245
801
462
462
498
498
803
415
655
693
138
665
426
142
142
788
245
245
801
245
82
851
309
111
102
31
536
111
315
801
416
622
31
416
309
82
55
31
23
536
246
896
415
950
788
62
703
277
803
553
462
553
498
360
142
360
277
249
166
491
195
208
214
605
284
301
982
199
529
19
426
722
740
946
654
227
950
213
610
774
917
17
93
660
246
897
159
908
16
198
752
67
386
615
377
809
170
126
233
486
436
846
380
634
107
749
356
65
121
701
735
83
154
404
55
529
659
79
187
722
394
82
714
721
140
18
368
21
147
195
126
851
691
555
93
4
130
745
602
78
58
372
775
23
271
154
542
558
17
55
116
224
132
996
135
380
322
415
309
624
660
891
249
481
413
651
125
246
25
951
647
732
364
194
151
249
541
531
482
585
3
802
62
58
152
66
506
361
850
362
39
600
647
977
90
144
332
798
2
759
438
294
375
451
93
892
61
333
577
295
564
144
740
179
930
258
404
344
310
79
545
873
309
496
467
187
12
170
309
175
516
469
886
958
773
650
55
533
833
589
567
77
779
286
704
241
229
309
16
272
737
283
544
546
288
978
962
489
529
613
347
641
245
120
204
558
837
442
259
96
803
242
699
179
969
430
743
506
924
419
11
829
338
914
175
736
13
394
58
400
248
537
281
486
156
178
363
960
826
32
677
421
267
918
784
587
665
37
377
628
860
756
827
424
658
294
827
601
341
540
481
525
592
851
290
463
75
124
102
767
495
781
33
491
673
194
930
388
721
611
151
241
648
349
564
262
443
306
538
481
18
949
23
391
121
401
554
58
751
541
536
125
709
651
114
136
470
121
883
409
442
344
267
830
34
896
63
459
237
46
967
124
823
18
754
114
423
586
713
846
773
125
484
666
639
360
21
634
981
576
699
568
593
233
616
355
886
258
0
849
556
366
164
143
123
303
725
265
414
216
507
634
575
358
630
333
634
55
480
362
832
122
973
152
339
294
596
697
231
283
268
587
912
16
110
11
217
412
377
852
973
398
169
688
192
907
430
913
609
967
64
140
753
394
407
516
382
197
818
124
611
772
621
113
299
38
60
392
198
309
188
586
84
939
427
428
693
717
598
626
870
276
403
536
185
685
229
179
5
664
434
750
846
622
29
919
746
131
699
464
896
783
816
677
414
935
838
860
761
280
651
846
626
756
442
716
53
209
202
14
204
507
92
749
827
21
589
189
462
208
84
885
23
765
76
339
862
543
807
171
715
534
284
864
439
916
31
698
769
555
442
180
272
58
454
270
237
121
770
309
28
946
377
18
95
442
637
165
108
554
504
852
185
109
34
249
729
72
735
649
83
76
12
11
152
43
338
681
311
936
288
238
484
526
184
664
606
182
770
127
600
716
434
567
489
261
16
756
950
485
12
443
204
440
137
545
790
986
896
959
788
896
883
89
993
83
887
103
327
631
245
757
832
12
111
5
865
258
19
673
793
166
175
157
709
805
111
19
442
647
377
38
2
681
514
73
438
800
707
600
779
660
195
889
55
401
236
281
638
414
562
573
919
376
577
689
953
553
718
245
746
103
166
705
236
471
332
503
678
952
228
623
519
208
808
38
42
611
981
241
171
422
166
786
647
928
877
32
310
870
686
482
553
665
634
298
748
161
543
122
58
5
247
643
807
486
831
635
128
27
5
20
464
987
377
357
430
824
324
572
979
945
440
526
746
969
462
313
837
713
123
24
601
16
586
820
630
31
147
254
462
209
58
113
329
622
366
831
956
29
700
956
923
924
131
3
803
807
655
221
715
17
530
283
283
200
594
567
918
14
946
660
108
195
496
111
436
70
287
769
419
73
440
624
943
310
35
258
385
196
602
943
891
52
422
102
806
154
493
73
508
813
89
509
813
86
33
547
619
387
558
370
483
679
50
882
230
552
320
58
104
178
360
464
833
223
697
216
820
604
248
284
427
378
624
95
250
558
710
133
902
120
583
962
480
980
950
171
119
227
924
694
814
157
999
905
845
599
178
984
370
102
111
827
846
33
710
14
855
195
214
354
45
885
721
980
659
444
353
972
6
651
943
341
3
384
682
692
186
237
39
66
24
570
492
79
797
26
989
